[[0, 742, 786, 7953, 561, 3251, 276, 473, 328, 862, 561, 920, 898, 536, 709, 411, 783, 62, 475, 323, 1935, 361, 429, 429, 555, 284, 690, 626, 679, 366, 752, 265, 866, 2010, 474, 349, 388, 153, 383, 440, 537, 304, 1693, 714, 561, 233, 260, 155, 202, 1227, 543, 478, 96, 911, 366, 610, 191, 259, 65, 484, 424, 647, 399, 153, 451, 552, 401, 889, 747, 1887, 973, 842, 435, 123140, 454, 40974, 1866, 881, 879], [742, 0, 499, 8192, 1172, 3437, 937, 489, 587, 456, 1172, 446, 1133, 304, 90, 437, 956, 712, 806, 675, 2240, 642, 466, 466, 1069, 974, 878, 768, 148, 596, 923, 581, 1149, 2463, 488, 546, 836, 840, 626, 860, 303, 531, 1541, 970, 257, 676, 575, 614, 537, 888, 674, 702, 728, 1133, 681, 263, 768, 811, 676, 304, 799, 230, 768, 840, 744, 1143, 443, 402, 1030, 2258, 632, 1355, 326, 123439, 746, 43319, 2319, 845, 843], [786, 499, 0, 7832, 1192, 3002, 1085, 611, 710, 829, 1258, 354, 1311, 455, 403, 560, 1253, 749, 928, 797, 1881, 765, 507, 462, 1186, 1029, 1056, 935, 373, 718, 1101, 733, 1336, 2206, 610, 516, 958, 913, 748, 816, 454, 691, 1371, 1148, 474, 696, 737, 725, 611, 662, 875, 824, 772, 1312, 803, 533, 884, 900, 721, 454, 921, 571, 920, 913, 866, 1196, 464, 346, 1217, 1898, 382, 1626, 448, 123459, 868, 42884, 2062, 410, 408], [7953, 8192, 7832, 0, 7945, 7100, 8043, 8291, 8193, 8535, 7945, 8047, 8650, 8148, 8129, 8222, 8603, 7936, 8298, 8198, 7394, 8270, 8144, 8145, 7873, 7979, 8510, 8490, 8093, 8230, 8572, 8129, 8686, 6968, 8289, 7931, 8196, 8013, 8247, 7586, 8147, 8168, 8568, 8622, 8199, 7793, 8125, 8067, 8097, 8329, 8408, 8342, 8002, 8664, 8242, 8275, 8051, 8119, 7980, 8147, 8259, 8313, 8260, 8013, 8311, 7884, 8153, 8034, 8567, 7294, 8075, 8594, 8134, 124153, 8315, 44785, 7068, 7414, 7417], [561, 1172, 1192, 7945, 0, 3211, 534, 942, 797, 1294, 0, 1333, 1141, 966, 1139, 910, 1094, 602, 752, 757, 1870, 842, 927, 928, 102, 275, 1001, 1008, 1140, 835, 1062, 734, 1177, 1980, 913, 689, 687, 503, 851, 593, 967, 773, 2082, 1013, 991, 490, 729, 672, 720, 1617, 957, 913, 620, 1052, 765, 1040, 542, 610, 585, 914, 749, 1077, 750, 503, 802, 187, 893, 1319, 1058, 1826, 1363, 1085, 893, 123079, 805, 40934, 1805, 1151, 1149], [3251, 3437, 3002, 7100, 3211, 0, 3365, 3613, 3481, 3857, 3267, 3292, 3972, 3393, 3336, 3475, 3926, 3204, 3562, 3520, 2748, 3536, 3389, 3339, 3195, 3301, 3731, 3812, 3305, 3511, 3894, 3452, 4008, 3178, 3525, 3253, 3478, 3335, 3519, 2837, 3392, 3490, 3781, 3823, 3444, 3025, 3447, 3389, 3419, 3574, 3730, 3664, 3293, 3862, 3564, 3520, 3373, 3441, 3302, 3392, 3581, 3504, 3582, 3331, 3591, 3206, 3341, 3278, 3889, 2870, 3320, 3917, 3419, 125234, 3593, 38717, 3034, 2658, 2660], [276, 937, 1085, 8043, 534, 3365, 0, 599, 402, 1040, 534, 1115, 597, 771, 910, 600, 520, 309, 272, 331, 2059, 454, 655, 686, 497, 259, 442, 444, 911, 504, 487, 406, 684, 2078, 600, 578, 188, 123, 477, 658, 733, 444, 2226, 534, 793, 402, 414, 380, 457, 1517, 409, 414, 335, 598, 315, 825, 178, 179, 319, 679, 247, 863, 274, 123, 337, 515, 648, 1164, 565, 1981, 1168, 537, 658, 123054, 339, 43247, 1934, 1258, 1256], [473, 489, 611, 8291, 942, 3613, 599, 0, 226, 504, 911, 667, 722, 283, 464, 1, 576, 441, 381, 307, 2204, 156, 317, 345, 886, 635, 447, 326, 465, 107, 544, 181, 659, 2340, 1, 529, 482, 505, 139, 737, 284, 143, 1439, 539, 308, 474, 185, 268, 234, 974, 292, 215, 459, 703, 291, 362, 414, 457, 366, 231, 445, 340, 348, 564, 354, 896, 322, 719, 540, 2243, 720, 949, 212, 123316, 356, 43495, 2196, 1028, 1026], [328, 587, 710, 8193, 797, 3481, 402, 226, 0, 707, 787, 765, 643, 381, 538, 226, 497, 361, 219, 78, 2140, 136, 416, 415, 781, 511, 404, 316, 539, 119, 465, 57, 579, 2227, 206, 554, 269, 327, 119, 738, 383, 56, 1538, 440, 406, 497, 61, 143, 185, 1072, 233, 168, 314, 604, 87, 455, 280, 222, 242, 329, 230, 493, 164, 327, 156, 778, 381, 734, 461, 2095, 818, 870, 280, 123348, 168, 41203, 2074, 1019, 1016], [862, 456, 829, 8535, 1294, 3857, 1040, 504, 707, 0, 1274, 693, 1104, 407, 531, 503, 975, 832, 819, 795, 2459, 659, 622, 665, 1202, 1094, 849, 739, 589, 611, 894, 645, 1058, 2585, 503, 774, 918, 960, 643, 982, 408, 603, 1681, 941, 432, 798, 648, 678, 615, 1115, 670, 684, 848, 1104, 755, 339, 825, 931, 755, 459, 888, 262, 789, 960, 797, 1212, 642, 764, 939, 2488, 861, 1348, 514, 123561, 799, 43739, 2441, 1260, 1258], [561, 1172, 1258, 7945, 0, 3267, 534, 911, 787, 1274, 0, 1333, 1051, 1000, 1139, 893, 999, 594, 752, 767, 1961, 842, 927, 949, 72, 276, 922, 924, 1140, 817, 967, 734, 1177, 1980, 913, 664, 668, 521, 826, 583, 967, 773, 2430, 1013, 1021, 451, 726, 672, 742, 1722, 908, 876, 620, 1052, 759, 1054, 542, 624, 604, 914, 727, 1092, 750, 521, 781, 187, 905, 1393, 1058, 1883, 1363, 991, 912, 122956, 784, 43149, 1836, 1268, 1266], [920, 446, 354, 8047, 1333, 3292, 1115, 667, 765, 693, 1333, 0, 1367, 482, 325, 615, 1190, 890, 984, 853, 2095, 820, 641, 578, 1230, 1152, 1112, 991, 239, 774, 1157, 829, 1432, 2421, 666, 657, 1014, 1018, 804, 1031, 550, 787, 1167, 1204, 494, 837, 753, 862, 715, 534, 931, 880, 906, 1367, 859, 500, 1009, 989, 854, 550, 977, 467, 1016, 1018, 922, 1367, 605, 31, 1313, 2113, 278, 1589, 504, 123600, 924, 43174, 2277, 700, 698], [898, 1133, 1311, 8650, 1141, 3972, 597, 722, 643, 1104, 1051, 1367, 0, 982, 1181, 723, 336, 931, 454, 599, 2520, 570, 1017, 1061, 1045, 775, 276, 486, 1182, 648, 209, 658, 400, 2685, 723, 1143, 553, 745, 593, 1265, 984, 620, 2139, 318, 1008, 1009, 662, 732, 786, 1673, 459, 493, 913, 212, 510, 1027, 682, 670, 794, 931, 523, 956, 447, 745, 478, 1000, 1039, 1435, 370, 2588, 1420, 355, 929, 123661, 475, 43854, 2541, 1745, 1742], [536, 304, 455, 8148, 966, 3393, 771, 283, 381, 407, 1000, 482, 982, 0, 237, 231, 896, 506, 600, 469, 2196, 436, 274, 260, 928, 767, 728, 607, 238, 390, 773, 376, 979, 2257, 282, 376, 630, 634, 420, 654, 2, 334, 1553, 820, 48, 470, 369, 409, 331, 844, 547, 496, 522, 983, 474, 107, 556, 605, 470, 105, 592, 145, 563, 634, 537, 938, 237, 491, 860, 2160, 535, 1269, 120, 123233, 540, 43275, 2113, 801, 798], [709, 90, 403, 8129, 1139, 3336, 910, 464, 538, 531, 1139, 325, 1181, 237, 0, 405, 1035, 682, 776, 617, 2101, 616, 390, 391, 1067, 917, 942, 836, 84, 559, 1004, 515, 1118, 2399, 463, 508, 792, 787, 593, 830, 236, 473, 1174, 962, 273, 682, 519, 548, 486, 766, 754, 688, 686, 1195, 626, 299, 695, 746, 626, 236, 753, 268, 703, 787, 703, 1077, 400, 294, 999, 2143, 512, 1408, 274, 123529, 707, 41058, 2255, 713, 710], [411, 437, 560, 8222, 910, 3475, 600, 1, 226, 503, 893, 615, 723, 231, 405, 0, 577, 381, 382, 283, 2153, 157, 266, 285, 834, 617, 484, 376, 405, 108, 545, 182, 659, 2271, 0, 478, 483, 487, 140, 668, 233, 144, 1388, 540, 256, 414, 186, 248, 183, 922, 293, 228, 397, 704, 292, 305, 395, 420, 323, 179, 428, 339, 349, 507, 355, 845, 262, 584, 541, 2104, 668, 950, 130, 123357, 357, 41197, 2083, 869, 866], [783, 956, 1253, 8603, 1094, 3926, 520, 576, 497, 975, 999, 1190, 336, 896, 1035, 577, 0, 816, 308, 453, 2620, 425, 840, 916, 1057, 819, 107, 340, 1036, 502, 126, 481, 165, 2638, 577, 1036, 407, 631, 448, 1199, 807, 443, 2351, 14, 918, 958, 565, 556, 709, 1642, 305, 347, 767, 337, 410, 881, 505, 524, 716, 754, 377, 810, 271, 631, 332, 990, 893, 1290, 95, 2541, 1243, 558, 783, 123614, 329, 43807, 2494, 1599, 1597], [62, 712, 749, 7936, 602, 3204, 309, 441, 361, 832, 594, 890, 931, 506, 682, 381, 816, 0, 518, 355, 1873, 417, 392, 392, 543, 317, 723, 653, 683, 393, 785, 292, 899, 1986, 435, 287, 421, 185, 400, 383, 507, 331, 1663, 757, 531, 142, 287, 181, 229, 1197, 570, 505, 89, 863, 398, 580, 224, 292, 55, 454, 457, 617, 432, 185, 473, 553, 364, 859, 780, 1825, 943, 875, 405, 123078, 487, 40927, 1804, 819, 817], [475, 806, 928, 8298, 752, 3562, 272, 381, 219, 819, 752, 984, 454, 600, 776, 382, 308, 518, 0, 166, 2221, 226, 634, 634, 746, 476, 215, 222, 743, 289, 277, 276, 391, 2299, 382, 743, 84, 307, 242, 897, 601, 275, 1757, 264, 625, 689, 279, 332, 404, 1291, 174, 164, 468, 467, 126, 674, 280, 203, 394, 548, 58, 617, 63, 307, 62, 743, 600, 953, 272, 2176, 1037, 667, 499, 123429, 60, 41284, 2155, 1237, 1235], [323, 675, 797, 8198, 757, 3520, 331, 307, 78, 795, 767, 853, 599, 469, 617, 283, 453, 355, 166, 0, 2149, 131, 504, 497, 761, 491, 296, 231, 618, 189, 422, 144, 536, 2233, 284, 593, 190, 256, 154, 738, 470, 144, 1626, 387, 494, 497, 140, 182, 287, 1160, 222, 156, 314, 551, 44, 532, 201, 165, 244, 417, 153, 570, 120, 271, 103, 758, 475, 871, 417, 2136, 906, 826, 365, 123209, 106, 41212, 2089, 1181, 1178], [1935, 2240, 1881, 7394, 1870, 2748, 2059, 2204, 2140, 2459, 1961, 2095, 2520, 2196, 2101, 2153, 2620, 1873, 2221, 2149, 0, 2195, 2200, 2104, 1889, 1824, 2390, 2365, 2070, 2169, 2436, 2146, 2702, 726, 2203, 1962, 2136, 1989, 2178, 1496, 2195, 2184, 3068, 2482, 2171, 1703, 2141, 2083, 2054, 2359, 2424, 2254, 1962, 2521, 2189, 2239, 2067, 2093, 1951, 2186, 2195, 2277, 2276, 1989, 2250, 1848, 2106, 2043, 2583, 418, 2123, 2610, 2097, 122725, 2252, 42630, 582, 1689, 1687], [361, 642, 765, 8270, 842, 3536, 454, 156, 136, 659, 842, 820, 570, 436, 616, 157, 425, 417, 226, 131, 2195, 0, 471, 470, 836, 566, 332, 223, 580, 64, 393, 112, 507, 2273, 157, 609, 303, 379, 17, 789, 438, 74, 1593, 383, 462, 587, 116, 198, 240, 1127, 141, 76, 357, 584, 140, 510, 333, 275, 297, 384, 282, 457, 197, 379, 197, 833, 436, 789, 389, 2150, 873, 798, 335, 123403, 201, 41259, 2129, 1074, 1072], [429, 466, 507, 8144, 927, 3389, 655, 317, 416, 622, 927, 641, 1017, 274, 390, 266, 840, 392, 634, 504, 2200, 471, 0, 1, 825, 672, 762, 641, 391, 424, 808, 396, 999, 2219, 316, 251, 644, 556, 454, 615, 262, 354, 1642, 854, 296, 432, 403, 326, 254, 933, 581, 530, 415, 1018, 509, 328, 486, 543, 364, 223, 607, 367, 584, 556, 572, 887, 29, 615, 880, 2122, 678, 1147, 186, 123195, 574, 43271, 2075, 796, 794], [429, 466, 462, 8145, 928, 3339, 686, 345, 415, 665, 949, 578, 1061, 260, 391, 285, 916, 392, 634, 497, 2104, 470, 1, 0, 877, 694, 823, 717, 392, 440, 884, 395, 998, 2219, 316, 291, 644, 562, 454, 616, 261, 354, 1328, 853, 285, 432, 399, 325, 254, 862, 634, 569, 415, 1017, 506, 334, 485, 552, 366, 208, 631, 366, 583, 562, 571, 887, 37, 565, 880, 2086, 608, 1252, 187, 123339, 587, 41061, 2065, 715, 713], [555, 1069, 1186, 7873, 102, 3195, 497, 886, 781, 1202, 72, 1230, 1045, 928, 1067, 834, 1057, 543, 746, 761, 1889, 836, 825, 877, 0, 270, 916, 918, 1068, 811, 961, 686, 1140, 1908, 885, 592, 662, 515, 820, 512, 865, 724, 2358, 1007, 950, 379, 720, 623, 736, 1650, 902, 870, 614, 1046, 753, 982, 505, 618, 598, 811, 721, 1020, 713, 515, 775, 103, 833, 1321, 1021, 1811, 1260, 985, 840, 122884, 777, 43077, 1764, 1197, 1194], [284, 974, 1029, 7979, 275, 3301, 259, 635, 511, 1094, 276, 1152, 775, 767, 917, 617, 819, 317, 476, 491, 1824, 566, 672, 694, 270, 0, 645, 647, 917, 540, 691, 459, 901, 1902, 636, 580, 392, 244, 549, 593, 769, 497, 2232, 737, 799, 337, 454, 397, 445, 1458, 682, 599, 343, 776, 490, 831, 267, 348, 310, 716, 450, 870, 475, 244, 505, 267, 657, 1171, 783, 1805, 1205, 810, 664, 122878, 507, 43183, 1758, 1207, 1205], [690, 878, 1056, 8510, 1001, 3731, 442, 447, 404, 849, 922, 1112, 276, 728, 942, 484, 107, 723, 215, 296, 2390, 332, 762, 823, 916, 645, 0, 252, 943, 409, 99, 404, 208, 2545, 484, 889, 314, 454, 354, 1106, 729, 365, 1885, 106, 753, 865, 407, 478, 531, 1419, 204, 230, 674, 296, 255, 698, 427, 350, 539, 676, 227, 717, 193, 537, 239, 913, 800, 1197, 71, 2448, 1165, 504, 690, 123599, 236, 41454, 2401, 1506, 1504], [626, 768, 935, 8490, 1008, 3812, 444, 326, 316, 739, 924, 991, 486, 607, 836, 376, 340, 653, 222, 231, 2365, 223, 641, 717, 918, 647, 252, 0, 837, 301, 309, 283, 423, 2525, 376, 780, 321, 437, 246, 1036, 608, 244, 1764, 344, 632, 795, 286, 369, 411, 1298, 18, 111, 612, 507, 239, 588, 410, 419, 468, 555, 291, 613, 176, 525, 227, 915, 694, 1090, 304, 2428, 1044, 713, 584, 123501, 224, 41429, 2381, 1400, 1397], [679, 148, 373, 8093, 1140, 3305, 911, 465, 539, 589, 1140, 239, 1182, 238, 84, 405, 1036, 683, 743, 618, 2070, 580, 391, 392, 1068, 917, 943, 837, 0, 560, 1005, 516, 1119, 2400, 425, 509, 793, 788, 594, 831, 237, 474, 1088, 963, 289, 683, 520, 549, 487, 661, 755, 689, 665, 1127, 627, 365, 696, 747, 627, 237, 754, 326, 703, 788, 704, 1078, 401, 208, 1000, 2113, 407, 1409, 275, 123530, 707, 41028, 2256, 682, 680], [366, 596, 718, 8230, 835, 3511, 504, 107, 119, 611, 817, 774, 648, 390, 559, 108, 502, 393, 289, 189, 2169, 64, 424, 440, 811, 540, 409, 301, 560, 0, 471, 87, 585, 2265, 96, 584, 375, 411, 47, 776, 391, 48, 1547, 447, 415, 535, 90, 173, 215, 1081, 219, 153, 352, 611, 198, 448, 319, 325, 272, 338, 332, 435, 274, 411, 262, 808, 417, 743, 466, 2125, 827, 875, 289, 123378, 278, 41233, 2104, 1027, 1025], [752, 923, 1101, 8572, 1062, 3894, 487, 544, 465, 894, 967, 1157, 209, 773, 1004, 545, 126, 785, 277, 422, 2436, 393, 808, 884, 961, 691, 99, 309, 1005, 471, 0, 449, 191, 2607, 545, 934, 376, 599, 416, 1167, 775, 411, 2319, 141, 886, 927, 453, 523, 577, 1464, 249, 316, 736, 210, 301, 850, 472, 493, 585, 721, 346, 779, 238, 599, 301, 972, 862, 1258, 160, 2510, 1210, 404, 752, 123583, 297, 43776, 2463, 1567, 1565], [265, 581, 733, 8129, 734, 3452, 406, 181, 57, 645, 734, 829, 658, 376, 515, 182, 481, 292, 276, 144, 2146, 112, 396, 395, 686, 459, 404, 283, 516, 87, 449, 0, 556, 2164, 182, 487, 274, 356, 95, 675, 377, 38, 1830, 495, 397, 434, 5, 86, 188, 1122, 222, 172, 251, 659, 150, 430, 284, 249, 200, 325, 237, 468, 213, 356, 213, 721, 373, 769, 466, 2067, 866, 872, 263, 123140, 215, 43333, 2020, 1078, 1076], [866, 1149, 1336, 8686, 1177, 4008, 684, 659, 579, 1058, 1177, 1432, 400, 979, 1118, 659, 165, 899, 391, 536, 2702, 507, 999, 998, 1140, 901, 208, 423, 1119, 585, 191, 556, 0, 2721, 660, 1118, 490, 713, 530, 1281, 980, 600, 2433, 179, 1000, 1041, 647, 630, 791, 1725, 388, 430, 850, 401, 492, 964, 694, 607, 798, 928, 460, 893, 415, 713, 415, 1065, 976, 1372, 187, 2624, 1469, 565, 866, 123697, 411, 43890, 2577, 1682, 1679], [2010, 2463, 2206, 6968, 1980, 3178, 2078, 2340, 2227, 2585, 1980, 2421, 2685, 2257, 2399, 2271, 2638, 1986, 2299, 2233, 726, 2273, 2219, 2219, 1908, 1902, 2545, 2525, 2400, 2265, 2607, 2164, 2721, 0, 2278, 1980, 2231, 2048, 2282, 1810, 2258, 2203, 3169, 2561, 2282, 1843, 2159, 2102, 2147, 2703, 2442, 2377, 2037, 2698, 2276, 2331, 2086, 2154, 2041, 2205, 2293, 2368, 2294, 2048, 2346, 1872, 2228, 2408, 2602, 528, 2449, 2629, 2184, 122365, 2349, 40901, 289, 2022, 2020], [474, 488, 610, 8289, 913, 3525, 600, 1, 206, 503, 913, 666, 723, 282, 463, 0, 577, 435, 382, 284, 2203, 157, 316, 316, 885, 636, 484, 376, 425, 96, 545, 182, 660, 2278, 0, 528, 467, 506, 129, 708, 283, 144, 1438, 540, 307, 500, 186, 269, 233, 973, 293, 228, 460, 736, 292, 340, 415, 420, 367, 230, 428, 301, 349, 506, 350, 895, 302, 635, 541, 2155, 719, 950, 181, 123408, 353, 41248, 2134, 919, 917], [349, 546, 516, 7931, 689, 3253, 578, 529, 554, 774, 664, 657, 1143, 376, 508, 478, 1036, 287, 743, 593, 1962, 609, 251, 291, 592, 580, 889, 780, 509, 584, 934, 487, 1118, 1980, 528, 0, 723, 498, 592, 377, 374, 494, 1772, 980, 478, 193, 482, 376, 380, 1063, 741, 669, 376, 1144, 633, 538, 493, 603, 365, 373, 685, 576, 657, 498, 696, 603, 293, 745, 1000, 1883, 687, 1145, 412, 122956, 698, 43135, 1836, 855, 853], [388, 836, 958, 8196, 687, 3478, 188, 482, 269, 918, 668, 1014, 553, 630, 792, 483, 407, 421, 84, 190, 2136, 303, 644, 644, 662, 392, 314, 321, 793, 375, 376, 274, 490, 2231, 467, 723, 0, 228, 326, 804, 631, 313, 1787, 345, 655, 563, 269, 312, 417, 1321, 273, 263, 391, 509, 180, 704, 185, 140, 340, 578, 62, 745, 80, 228, 154, 659, 616, 983, 371, 2092, 1067, 644, 529, 123345, 159, 41200, 2071, 1254, 1252], [153, 840, 913, 8013, 503, 3335, 123, 505, 327, 960, 521, 1018, 745, 634, 787, 487, 631, 185, 307, 256, 1989, 379, 556, 562, 515, 244, 454, 437, 788, 411, 599, 356, 713, 2048, 506, 498, 228, 0, 402, 568, 635, 394, 1791, 546, 659, 328, 351, 282, 329, 1325, 454, 356, 212, 652, 262, 702, 81, 104, 195, 582, 250, 740, 247, 0, 262, 512, 525, 1041, 594, 1951, 1071, 690, 535, 123024, 264, 43217, 1904, 1134, 1132], [383, 626, 748, 8247, 851, 3519, 477, 139, 119, 643, 826, 804, 593, 420, 593, 140, 448, 400, 242, 154, 2178, 17, 454, 454, 820, 549, 354, 246, 594, 47, 416, 95, 530, 2282, 129, 592, 326, 402, 0, 792, 421, 57, 1577, 400, 445, 552, 99, 182, 223, 1111, 164, 98, 369, 564, 163, 494, 356, 298, 280, 368, 305, 441, 220, 402, 215, 817, 420, 773, 411, 2134, 857, 821, 319, 123387, 224, 41242, 2113, 1057, 1055], [440, 860, 816, 7586, 593, 2837, 658, 737, 738, 982, 583, 1031, 1265, 654, 830, 668, 1199, 383, 897, 738, 1496, 789, 615, 616, 512, 593, 1106, 1036, 831, 776, 1167, 675, 1281, 1810, 708, 377, 804, 568, 792, 0, 655, 714, 1778, 1135, 679, 219, 670, 564, 544, 1313, 951, 888, 467, 1207, 781, 728, 607, 675, 438, 602, 840, 765, 815, 568, 851, 522, 625, 1018, 1163, 1539, 1059, 1209, 581, 122906, 870, 40560, 1632, 687, 685], [537, 303, 454, 8147, 967, 3392, 733, 284, 383, 408, 967, 550, 984, 2, 236, 233, 807, 507, 601, 470, 2195, 438, 262, 261, 865, 769, 729, 608, 237, 391, 775, 377, 980, 2258, 283, 374, 631, 635, 421, 655, 0, 335, 1551, 821, 49, 471, 370, 410, 333, 843, 548, 497, 523, 985, 476, 108, 563, 606, 472, 107, 594, 147, 565, 635, 539, 940, 238, 490, 861, 2161, 587, 1206, 121, 123234, 541, 43274, 2114, 799, 797], [304, 531, 691, 8168, 773, 3490, 444, 143, 56, 603, 773, 787, 620, 334, 473, 144, 443, 331, 275, 144, 2184, 74, 354, 354, 724, 497, 365, 244, 474, 48, 411, 38, 600, 2203, 144, 494, 313, 394, 57, 714, 335, 0, 1789, 457, 356, 473, 44, 125, 146, 1080, 184, 133, 290, 621, 149, 388, 292, 288, 238, 283, 275, 426, 226, 394, 212, 760, 331, 727, 481, 2106, 824, 842, 221, 123179, 215, 43372, 2059, 1037, 1034], [1693, 1541, 1371, 8568, 2082, 3781, 2226, 1439, 1538, 1681, 2430, 1167, 2139, 1553, 1174, 1388, 2351, 1663, 1757, 1626, 3068, 1593, 1642, 1328, 2358, 2232, 1885, 1764, 1088, 1547, 2319, 1830, 2433, 3169, 1438, 1772, 1787, 1791, 1577, 1778, 1551, 1789, 0, 1976, 1604, 1587, 1834, 1863, 1801, 1257, 2069, 1653, 1679, 2140, 1941, 1362, 2011, 1762, 1941, 1552, 1749, 1316, 2018, 1791, 1694, 2369, 1355, 969, 2315, 2861, 1118, 2724, 1277, 124350, 1697, 43663, 3025, 1447, 1445], [714, 970, 1148, 8622, 1013, 3823, 534, 539, 440, 941, 1013, 1204, 318, 820, 962, 540, 14, 757, 264, 387, 2482, 383, 854, 853, 1007, 737, 106, 344, 963, 447, 141, 495, 179, 2561, 540, 980, 345, 546, 400, 1135, 821, 457, 1976, 0, 845, 928, 499, 569, 623, 1510, 296, 322, 707, 332, 347, 790, 519, 441, 631, 768, 319, 739, 285, 546, 284, 1004, 820, 1173, 109, 2438, 1257, 546, 719, 123691, 282, 41546, 2417, 1457, 1455], [561, 257, 474, 8199, 991, 3444, 793, 308, 406, 432, 1021, 494, 1008, 48, 273, 256, 918, 531, 625, 494, 2171, 462, 296, 285, 950, 799, 753, 632, 289, 415, 886, 397, 1000, 2282, 307, 478, 655, 659, 445, 679, 49, 356, 1604, 845, 0, 495, 401, 431, 368, 837, 636, 521, 547, 1009, 508, 77, 578, 630, 508, 127, 618, 115, 585, 659, 563, 960, 262, 505, 882, 2185, 583, 1291, 145, 123258, 565, 43326, 2138, 852, 850], [233, 676, 696, 7793, 490, 3025, 402, 474, 497, 798, 451, 837, 1009, 470, 682, 414, 958, 142, 689, 497, 1703, 587, 432, 432, 379, 337, 865, 795, 683, 535, 927, 434, 1041, 1843, 500, 193, 563, 328, 552, 219, 471, 473, 1587, 928, 495, 0, 429, 324, 290, 1121, 712, 647, 260, 982, 540, 544, 366, 434, 197, 418, 599, 581, 574, 328, 644, 390, 397, 823, 922, 1654, 867, 953, 397, 122907, 629, 40748, 1633, 725, 723], [260, 575, 737, 8125, 729, 3447, 414, 185, 61, 648, 726, 753, 662, 369, 519, 186, 565, 287, 279, 140, 2141, 116, 403, 399, 720, 454, 407, 286, 520, 90, 453, 5, 647, 2159, 186, 482, 269, 351, 99, 670, 370, 44, 1834, 499, 401, 429, 0, 82, 202, 1125, 226, 175, 246, 663, 154, 433, 229, 244, 195, 317, 232, 472, 217, 351, 217, 717, 376, 773, 529, 2062, 806, 935, 266, 123135, 219, 43329, 2015, 1082, 1080], [155, 614, 725, 8067, 672, 3389, 380, 268, 143, 678, 672, 862, 732, 409, 548, 248, 556, 181, 332, 182, 2083, 198, 326, 325, 623, 397, 478, 369, 549, 173, 523, 86, 630, 2102, 269, 376, 312, 282, 182, 564, 410, 125, 1863, 569, 431, 324, 82, 0, 97, 1155, 309, 258, 141, 733, 222, 463, 211, 287, 89, 358, 274, 501, 257, 282, 285, 611, 288, 802, 540, 2005, 899, 873, 296, 123078, 288, 43271, 1958, 1014, 1012], [202, 537, 611, 8097, 720, 3419, 457, 234, 185, 615, 742, 715, 786, 331, 486, 183, 709, 229, 404, 287, 2054, 240, 254, 254, 736, 445, 531, 411, 487, 215, 577, 188, 791, 2147, 233, 380, 417, 329, 223, 544, 333, 146, 1801, 623, 368, 290, 202, 97, 0, 1022, 427, 299, 188, 787, 299, 400, 256, 315, 137, 279, 380, 439, 377, 329, 341, 733, 216, 740, 672, 2050, 768, 1023, 233, 123123, 343, 43301, 2003, 943, 941], [1227, 888, 662, 8329, 1617, 3574, 1517, 974, 1072, 1115, 1722, 534, 1673, 844, 766, 922, 1642, 1197, 1291, 1160, 2359, 1127, 933, 862, 1650, 1458, 1419, 1298, 661, 1081, 1464, 1122, 1725, 2703, 973, 1063, 1321, 1325, 1111, 1313, 843, 1080, 1257, 1510, 837, 1121, 1125, 1155, 1022, 0, 1360, 1187, 1213, 1674, 1232, 896, 1302, 1296, 1161, 843, 1283, 889, 1309, 1325, 1228, 1660, 889, 548, 1606, 2395, 285, 2015, 811, 123884, 1231, 43456, 2559, 982, 979], [543, 674, 875, 8408, 957, 3730, 409, 292, 233, 670, 908, 931, 459, 547, 754, 293, 305, 570, 174, 222, 2424, 141, 581, 634, 902, 682, 204, 18, 755, 219, 249, 222, 388, 2442, 293, 741, 273, 454, 164, 951, 548, 184, 2069, 296, 636, 712, 226, 309, 427, 1360, 0, 65, 529, 460, 227, 576, 362, 347, 478, 495, 243, 505, 141, 454, 181, 899, 612, 1008, 269, 2345, 984, 678, 502, 123418, 183, 43612, 2298, 1317, 1315], [478, 702, 824, 8342, 913, 3664, 414, 215, 168, 684, 876, 880, 493, 496, 688, 228, 347, 505, 164, 156, 2254, 76, 530, 569, 870, 599, 230, 111, 689, 153, 316, 172, 430, 2377, 228, 669, 263, 356, 98, 888, 497, 133, 1653, 322, 521, 647, 175, 258, 299, 1187, 65, 0, 464, 486, 128, 600, 321, 303, 356, 444, 233, 529, 119, 410, 137, 867, 546, 943, 311, 2280, 933, 720, 436, 123353, 139, 43546, 2233, 1252, 1250], [96, 728, 772, 8002, 620, 3293, 335, 459, 314, 848, 620, 906, 913, 522, 686, 397, 767, 89, 468, 314, 1962, 357, 415, 415, 614, 343, 674, 612, 665, 352, 736, 251, 850, 2037, 460, 376, 391, 212, 369, 467, 523, 290, 1679, 707, 547, 260, 246, 141, 188, 1213, 529, 464, 0, 926, 357, 596, 193, 262, 11, 470, 427, 633, 402, 212, 435, 611, 387, 875, 731, 1914, 959, 901, 421, 123167, 438, 41016, 1893, 908, 906], [911, 1133, 1312, 8664, 1052, 3862, 598, 703, 604, 1104, 1052, 1367, 212, 983, 1195, 704, 337, 863, 467, 551, 2521, 584, 1018, 1017, 1046, 776, 296, 507, 1127, 611, 210, 659, 401, 2698, 736, 1144, 509, 652, 564, 1207, 985, 621, 2140, 332, 1009, 982, 663, 733, 787, 1674, 460, 486, 926, 0, 511, 953, 683, 605, 795, 931, 483, 902, 448, 652, 448, 1001, 983, 1336, 370, 2476, 1420, 434, 882, 123729, 446, 41585, 2455, 1621, 1619], [366, 681, 803, 8242, 765, 3564, 315, 291, 87, 755, 759, 859, 510, 474, 626, 292, 410, 398, 126, 44, 2189, 140, 509, 506, 753, 490, 255, 239, 627, 198, 301, 150, 492, 2276, 292, 633, 180, 262, 163, 781, 476, 149, 1941, 347, 508, 540, 154, 222, 299, 1232, 227, 128, 357, 511, 0, 540, 213, 155, 306, 423, 143, 579, 77, 262, 63, 750, 484, 880, 374, 2179, 912, 783, 373, 123252, 65, 43446, 2132, 1189, 1187], [610, 263, 533, 8275, 1040, 3520, 825, 362, 455, 339, 1054, 500, 1027, 107, 299, 305, 881, 580, 674, 532, 2239, 510, 328, 334, 982, 831, 698, 588, 365, 448, 850, 430, 964, 2331, 340, 538, 704, 702, 494, 728, 108, 388, 1362, 790, 77, 544, 433, 463, 400, 896, 576, 600, 596, 953, 540, 0, 610, 679, 540, 159, 667, 38, 617, 708, 612, 992, 311, 532, 845, 2234, 642, 1254, 194, 123307, 614, 41188, 2187, 928, 926], [191, 768, 884, 8051, 542, 3373, 178, 414, 280, 825, 542, 1009, 682, 556, 695, 395, 505, 224, 280, 201, 2067, 333, 486, 485, 505, 267, 427, 410, 696, 319, 472, 284, 694, 2086, 415, 493, 185, 81, 356, 607, 563, 292, 2011, 519, 578, 366, 229, 211, 256, 1302, 362, 321, 193, 683, 213, 610, 0, 78, 169, 505, 223, 648, 227, 81, 235, 557, 447, 950, 575, 1989, 1046, 671, 443, 123062, 237, 43255, 1942, 1173, 1171], [259, 811, 900, 8119, 610, 3441, 179, 457, 222, 931, 624, 989, 670, 605, 746, 420, 524, 292, 203, 165, 2093, 275, 543, 552, 618, 348, 350, 419, 747, 325, 493, 249, 607, 2154, 420, 603, 140, 104, 298, 675, 606, 288, 1762, 441, 630, 434, 244, 287, 315, 1296, 347, 303, 262, 605, 155, 679, 78, 0, 232, 553, 165, 699, 140, 106, 157, 615, 514, 1000, 488, 2057, 1042, 703, 494, 123130, 159, 41157, 2010, 1241, 1239], [65, 676, 721, 7980, 585, 3302, 319, 366, 242, 755, 604, 854, 794, 470, 626, 323, 716, 55, 394, 244, 1951, 297, 364, 366, 598, 310, 539, 468, 627, 272, 585, 200, 798, 2041, 367, 365, 340, 195, 280, 438, 472, 238, 1941, 631, 508, 197, 195, 89, 137, 1161, 478, 356, 11, 795, 306, 540, 169, 232, 0, 418, 336, 579, 337, 195, 347, 595, 329, 880, 679, 1944, 907, 885, 373, 123017, 349, 43184, 1897, 1004, 1002], [484, 304, 454, 8147, 914, 3392, 679, 231, 329, 459, 914, 550, 931, 105, 236, 179, 754, 454, 548, 417, 2186, 384, 223, 208, 811, 716, 676, 555, 237, 338, 721, 325, 928, 2205, 230, 373, 578, 582, 368, 602, 107, 283, 1552, 768, 127, 418, 317, 358, 279, 843, 495, 444, 470, 931, 423, 159, 505, 553, 418, 0, 541, 197, 512, 582, 486, 887, 185, 491, 809, 2108, 587, 1153, 68, 123181, 488, 43274, 2061, 800, 798], [424, 799, 921, 8259, 749, 3581, 247, 445, 230, 888, 727, 977, 523, 592, 753, 428, 377, 457, 58, 153, 2195, 282, 607, 631, 721, 450, 227, 291, 754, 332, 346, 237, 460, 2293, 428, 685, 62, 250, 305, 840, 594, 275, 1749, 319, 618, 599, 232, 274, 380, 1283, 243, 233, 427, 483, 143, 667, 223, 165, 336, 541, 0, 706, 17, 271, 127, 718, 593, 1007, 341, 2196, 1030, 693, 501, 123269, 124, 41259, 2149, 1317, 1314], [647, 230, 571, 8313, 1077, 3504, 863, 340, 493, 262, 1092, 467, 956, 145, 268, 339, 810, 617, 617, 570, 2277, 457, 367, 366, 1020, 870, 717, 613, 326, 435, 779, 468, 893, 2368, 301, 576, 745, 740, 441, 765, 147, 426, 1316, 739, 115, 581, 472, 501, 439, 889, 505, 529, 633, 902, 579, 38, 648, 699, 579, 197, 706, 0, 624, 740, 595, 1030, 353, 436, 774, 2229, 635, 1183, 227, 123482, 628, 41226, 2208, 880, 878], [399, 768, 920, 8260, 750, 3582, 274, 348, 164, 789, 750, 1016, 447, 563, 703, 349, 271, 432, 63, 120, 2276, 197, 584, 583, 713, 475, 193, 176, 703, 274, 238, 213, 415, 2294, 349, 657, 80, 247, 220, 815, 565, 226, 2018, 285, 585, 574, 217, 257, 377, 1309, 141, 119, 402, 448, 77, 617, 227, 140, 337, 512, 17, 624, 0, 247, 0, 742, 560, 957, 297, 2197, 1053, 653, 450, 123270, 3, 43464, 2150, 1266, 1264], [153, 840, 913, 8013, 503, 3331, 123, 564, 327, 960, 521, 1018, 745, 634, 787, 507, 631, 185, 307, 271, 1989, 379, 556, 562, 515, 244, 537, 525, 788, 411, 599, 356, 713, 2048, 506, 498, 228, 0, 402, 568, 635, 394, 1791, 546, 659, 328, 351, 282, 329, 1325, 454, 410, 212, 652, 262, 708, 81, 106, 195, 582, 271, 740, 247, 0, 262, 512, 525, 987, 594, 1945, 1071, 690, 533, 123198, 302, 41053, 1924, 1030, 1028], [451, 744, 866, 8311, 802, 3591, 337, 354, 156, 797, 781, 922, 478, 537, 703, 355, 332, 473, 62, 103, 2250, 197, 572, 571, 775, 505, 239, 227, 704, 262, 301, 213, 415, 2346, 350, 696, 154, 262, 215, 851, 539, 212, 1694, 284, 563, 644, 217, 285, 341, 1228, 181, 137, 435, 448, 63, 612, 235, 157, 347, 486, 127, 595, 0, 262, 0, 772, 537, 891, 296, 2206, 975, 705, 437, 123459, 3, 41314, 2185, 1175, 1173], [552, 1143, 1196, 7884, 187, 3206, 515, 896, 778, 1212, 187, 1367, 1000, 938, 1077, 845, 990, 553, 743, 758, 1848, 833, 887, 887, 103, 267, 913, 915, 1078, 808, 972, 721, 1065, 1872, 895, 603, 659, 512, 817, 522, 940, 760, 2369, 1004, 960, 390, 717, 611, 733, 1660, 899, 867, 611, 1001, 750, 992, 557, 615, 595, 887, 718, 1030, 742, 512, 772, 0, 844, 1332, 975, 1775, 1404, 940, 850, 122848, 775, 43088, 1728, 1207, 1205], [401, 443, 464, 8153, 893, 3341, 648, 322, 381, 642, 905, 605, 1039, 237, 400, 262, 893, 364, 600, 475, 2106, 436, 29, 37, 833, 657, 800, 694, 401, 417, 862, 373, 976, 2228, 302, 293, 616, 525, 420, 625, 238, 331, 1355, 820, 262, 397, 376, 288, 216, 889, 612, 546, 387, 983, 484, 311, 447, 514, 329, 185, 593, 353, 560, 525, 537, 844, 0, 590, 857, 2088, 635, 1214, 164, 123341, 564, 41063, 2067, 718, 715], [889, 402, 346, 8034, 1319, 3278, 1164, 719, 734, 764, 1393, 31, 1435, 491, 294, 584, 1290, 859, 953, 871, 2043, 789, 615, 565, 1321, 1171, 1197, 1090, 208, 743, 1258, 769, 1372, 2408, 635, 745, 983, 1041, 773, 1018, 490, 727, 969, 1173, 505, 823, 773, 802, 740, 548, 1008, 943, 875, 1336, 880, 532, 950, 1000, 880, 491, 1007, 436, 957, 987, 891, 1332, 590, 0, 1254, 2086, 295, 1663, 473, 123784, 893, 41001, 2264, 687, 685], [747, 1030, 1217, 8567, 1058, 3889, 565, 540, 461, 939, 1058, 1313, 370, 860, 999, 541, 95, 780, 272, 417, 2583, 389, 880, 880, 1021, 783, 71, 304, 1000, 466, 160, 466, 187, 2602, 541, 1000, 371, 594, 411, 1163, 861, 481, 2315, 109, 882, 922, 529, 540, 672, 1606, 269, 311, 731, 370, 374, 845, 575, 488, 679, 809, 341, 774, 297, 594, 296, 975, 857, 1254, 0, 2505, 1350, 592, 747, 123578, 293, 43771, 2458, 1563, 1561], [1887, 2258, 1898, 7294, 1826, 2870, 1981, 2243, 2095, 2488, 1883, 2113, 2588, 2160, 2143, 2104, 2541, 1825, 2176, 2136, 418, 2150, 2122, 2086, 1811, 1805, 2448, 2428, 2113, 2125, 2510, 2067, 2624, 528, 2155, 1883, 2092, 1951, 2134, 1539, 2161, 2106, 2861, 2438, 2185, 1654, 2062, 2005, 2050, 2395, 2345, 2280, 1914, 2476, 2179, 2234, 1989, 2057, 1944, 2108, 2196, 2229, 2197, 1945, 2206, 1775, 2088, 2086, 2505, 0, 2141, 2532, 2049, 122755, 2208, 40593, 426, 1732, 1730], [973, 632, 382, 8075, 1363, 3320, 1168, 720, 818, 861, 1363, 278, 1420, 535, 512, 668, 1243, 943, 1037, 906, 2123, 873, 678, 608, 1260, 1205, 1165, 1044, 407, 827, 1210, 866, 1469, 2449, 719, 687, 1067, 1071, 857, 1059, 587, 824, 1118, 1257, 583, 867, 806, 899, 768, 285, 984, 933, 959, 1420, 912, 642, 1046, 1042, 907, 587, 1030, 635, 1053, 1071, 975, 1404, 635, 295, 1350, 2141, 0, 1642, 557, 123630, 977, 43202, 2305, 728, 726], [842, 1355, 1626, 8594, 1085, 3917, 537, 949, 870, 1348, 991, 1589, 355, 1269, 1408, 950, 558, 875, 667, 826, 2610, 798, 1147, 1252, 985, 810, 504, 713, 1409, 875, 404, 872, 565, 2629, 950, 1145, 644, 690, 821, 1209, 1206, 842, 2724, 546, 1291, 953, 935, 873, 1023, 2015, 678, 720, 901, 434, 783, 1254, 671, 703, 885, 1153, 693, 1183, 653, 690, 705, 940, 1214, 1663, 592, 2532, 1642, 0, 1156, 123478, 702, 43798, 2485, 1824, 1822], [435, 326, 448, 8134, 893, 3419, 658, 212, 280, 514, 912, 504, 929, 120, 274, 130, 783, 405, 499, 365, 2097, 335, 186, 187, 840, 664, 690, 584, 275, 289, 752, 263, 866, 2184, 181, 412, 529, 535, 319, 581, 121, 221, 1277, 719, 145, 397, 266, 296, 233, 811, 502, 436, 421, 882, 373, 194, 443, 494, 373, 68, 501, 227, 450, 533, 437, 850, 164, 473, 747, 2049, 557, 1156, 0, 123302, 439, 41142, 2028, 757, 755], [123140, 123439, 123459, 124153, 123079, 125234, 123054, 123316, 123348, 123561, 122956, 123600, 123661, 123233, 123529, 123357, 123614, 123078, 123429, 123209, 122725, 123403, 123195, 123339, 122884, 122878, 123599, 123501, 123530, 123378, 123583, 123140, 123697, 122365, 123408, 122956, 123345, 123024, 123387, 122906, 123234, 123179, 124350, 123691, 123258, 122907, 123135, 123078, 123123, 123884, 123418, 123353, 123167, 123729, 123252, 123307, 123062, 123130, 123017, 123181, 123269, 123482, 123270, 123198, 123459, 122848, 123341, 123784, 123578, 122755, 123630, 123478, 123302, 0, 123461, 162799, 122491, 123567, 123565], [454, 746, 868, 8315, 805, 3593, 339, 356, 168, 799, 784, 924, 475, 540, 707, 357, 329, 487, 60, 106, 2252, 201, 574, 587, 777, 507, 236, 224, 707, 278, 297, 215, 411, 2349, 353, 698, 159, 264, 224, 870, 541, 215, 1697, 282, 565, 629, 219, 288, 343, 1231, 183, 139, 438, 446, 65, 614, 237, 159, 349, 488, 124, 628, 3, 302, 3, 775, 564, 893, 293, 2208, 977, 702, 439, 123461, 0, 41316, 2187, 1177, 1175], [40974, 43319, 42884, 44785, 40934, 38717, 43247, 43495, 41203, 43739, 43149, 43174, 43854, 43275, 41058, 41197, 43807, 40927, 41284, 41212, 42630, 41259, 43271, 41061, 43077, 43183, 41454, 41429, 41028, 41233, 43776, 43333, 43890, 40901, 41248, 43135, 41200, 43217, 41242, 40560, 43274, 43372, 43663, 41546, 43326, 40748, 43329, 43271, 43301, 43456, 43612, 43546, 41016, 41585, 43446, 41188, 43255, 41157, 43184, 43274, 41259, 41226, 43464, 41053, 41314, 43088, 41063, 41001, 43771, 40593, 43202, 43798, 41142, 162799, 41316, 0, 40757, 40381, 40383], [1866, 2319, 2062, 7068, 1805, 3034, 1934, 2196, 2074, 2441, 1836, 2277, 2541, 2113, 2255, 2083, 2494, 1804, 2155, 2089, 582, 2129, 2075, 2065, 1764, 1758, 2401, 2381, 2256, 2104, 2463, 2020, 2577, 289, 2134, 1836, 2071, 1904, 2113, 1632, 2114, 2059, 3025, 2417, 2138, 1633, 2015, 1958, 2003, 2559, 2298, 2233, 1893, 2455, 2132, 2187, 1942, 2010, 1897, 2061, 2149, 2208, 2150, 1924, 2185, 1728, 2067, 2264, 2458, 426, 2305, 2485, 2028, 122491, 2187, 40757, 0, 1922, 1920], [881, 845, 410, 7414, 1151, 2658, 1258, 1028, 1019, 1260, 1268, 700, 1745, 801, 713, 869, 1599, 819, 1237, 1181, 1689, 1074, 796, 715, 1197, 1207, 1506, 1400, 682, 1027, 1567, 1078, 1682, 2022, 919, 855, 1254, 1134, 1057, 687, 799, 1037, 1447, 1457, 852, 725, 1082, 1014, 943, 982, 1317, 1252, 908, 1621, 1189, 928, 1173, 1241, 1004, 800, 1317, 880, 1266, 1030, 1175, 1207, 718, 687, 1563, 1732, 728, 1824, 757, 123567, 1177, 40381, 1922, 0, 2], [879, 843, 408, 7417, 1149, 2660, 1256, 1026, 1016, 1258, 1266, 698, 1742, 798, 710, 866, 1597, 817, 1235, 1178, 1687, 1072, 794, 713, 1194, 1205, 1504, 1397, 680, 1025, 1565, 1076, 1679, 2020, 917, 853, 1252, 1132, 1055, 685, 797, 1034, 1445, 1455, 850, 723, 1080, 1012, 941, 979, 1315, 1250, 906, 1619, 1187, 926, 1171, 1239, 1002, 798, 1314, 878, 1264, 1028, 1173, 1205, 715, 685, 1561, 1730, 726, 1822, 755, 123565, 1175, 40383, 1920, 2, 0]]